name,deleted,verified,date,id,polygon_user,poly_0_x,poly_0_y,poly_1_x,poly_1_y,poly_2_x,poly_2_y,poly_3_x,poly_3_y,poly_4_x,poly_4_y,poly_5_x,poly_5_y,poly_6_x,poly_6_y,poly_7_x,poly_7_y,poly_8_x,poly_8_y,poly_9_x,poly_9_y,poly_10_x,poly_10_y,poly_11_x,poly_11_y,poly_12_x,poly_12_y,poly_13_x,poly_13_y,poly_14_x,poly_14_y,poly_15_x,poly_15_y,poly_16_x,poly_16_y,poly_17_x,poly_17_y,poly_18_x,poly_18_y,poly_19_x,poly_19_y,poly_20_x,poly_20_y,poly_21_x,poly_21_y,poly_22_x,poly_22_y,poly_23_x,poly_23_y,poly_24_x,poly_24_y,poly_25_x,poly_25_y,poly_26_x,poly_26_y,poly_27_x,poly_27_y,poly_28_x,poly_28_y
32xn26mtxzvjtfw68kwcuoqy9pll0m-a3k758si907cg9,0,0,07-Feb-2019 14:58:04,154,36WLNQG780M8UGNIFGBYQUSISHMBEY,171,411,233,336,274,302,329,281,370.0,281.0,411.0,274.0,459.0,281.0,473.0,302.0,521.0,308.0,548.0,336.0,576.0,343.0,596.0,370.0,631.0,384.0,,,,,,,,,,,,,,,,,,,,,,,,,,,,,,,,
32xn26mtxzvjtfw68kwcuoqy9pll0m-a1nofp5dv5s7dw,0,0,07-Feb-2019 15:29:29,155,3EFE17QCRDHJVCVMG35Z1MZVOL0SHW,209,408,245,386,285,372,310,346,328.0,339.0,361.0,332.0,382.0,328.0,404.0,325.0,447.0,328.0,473.0,336.0,491.0,346.0,512.0,357.0,534.0,372.0,552.0,375.0,563.0,386.0,570.0,400.0,,,,,,,,,,,,,,,,,,,,,,,,,,
32xn26mtxzvjtfw68kwcuoqy9pll0m-a3n5p5vo81fij6,0,1,07-Feb-2019 15:30:49,156,3OVR4I9USQVD6KSE9SWBCXBQ1STQ4J,211,413,231,395,257,377,279,359,307.0,343.0,327.0,332.0,355.0,322.0,378.0,316.0,411.0,318.0,447.0,323.0,480.0,333.0,513.0,351.0,543.0,369.0,560.0,381.0,574.0,389.0,592.0,400.0,538.0,403.0,,,,,,,,,,,,,,,,,,,,,,,,
32xn26mtxzvjtfw68kwcuoqy9pll0m-a1mpgnvkji4zt6,0,-1,07-Feb-2019 15:35:57,160,34QN5IT0T03Q1SAH4XS9E30DQAS80B,201,411,219,391,238,378,255,354,280.0,346.0,305.0,333.0,328.0,319.0,356.0,314.0,375.0,315.0,392.0,316.0,410.0,321.0,435.0,324.0,461.0,327.0,481.0,335.0,499.0,343.0,509.0,349.0,521.0,359.0,538.0,366.0,547.0,378.0,557.0,385.0,567.0,395.0,,,,,,,,,,,,,,,,
32xn26mtxzvjtfw68kwcuoqy9pll0m-a2ej7u3tzakrog,0,0,07-Feb-2019 17:51:28,161,308Q0PEVB9P1MSA7DFNTK3VKWAV9I0,205,406,220,395,236,387,252,376,259.0,362.0,254.0,376.0,,,,,,,,,,,,,,,,,,,,,,,,,,,,,,,,,,,,,,,,,,,,,,
32xn26mtxzvjtfw68kwcuoqy9pll0m-a2awbdw9v1e9kt,0,-1,07-Feb-2019 18:19:53,163,3RYC5T2D745Z7ETXKRDZKLWQOAWPRF,205,416,241,384,276,359,308,338,343.0,319.0,368.0,308.0,403.0,303.0,449.0,308.0,476.0,322.0,495.0,343.0,522.0,362.0,557.0,370.0,573.0,392.0,,,,,,,,,,,,,,,,,,,,,,,,,,,,,,,,
32xn26mtxzvjtfw68kwcuoqy9pll0m-a2awbdw9v1e9kt,1,-1,07-Feb-2019 18:20:22,166,3RYC5T2D745Z7ETXKRDZKLWQOAWPRF,206,405,236,378,258,367,294,337,335.0,322.0,367.0,307.0,390.0,307.0,424.0,312.0,454.0,322.0,478.0,331.0,,,,,,,,,,,,,,,,,,,,,,,,,,,,,,,,,,,,,,
32xn26mtxzvjtfw68kwcuoqy9pll0m-a2awbdw9v1e9kt,1,-1,07-Feb-2019 18:20:30,167,3RYC5T2D745Z7ETXKRDZKLWQOAWPRF,324,352,307,359,325,330,392,330,,,,,,,,,,,,,,,,,,,,,,,,,,,,,,,,,,,,,,,,,,,,,,,,,,
32xn26mtxzvjtfw68kwcuoqy9pll0m-a2awbdw9v1e9kt,0,-1,07-Feb-2019 18:21:13,169,3RYC5T2D745Z7ETXKRDZKLWQOAWPRF,212,405,232,390,257,376,279,359,306.0,344.0,330.0,331.0,352.0,318.0,370.0,310.0,396.0,310.0,417.0,315.0,432.0,316.0,444.0,322.0,473.0,327.0,502.0,337.0,518.0,349.0,528.0,361.0,545.0,374.0,558.0,384.0,,,,,,,,,,,,,,,,,,,,,,
32xn26mtxzvjtfw68kwcuoqy9pll0m-,0,0,07-Feb-2019 18:31:34,176,ASSIGNMENT_ID_NOT_AVAILABLE,360,301,442,367,465,410,362,418,314.0,398.0,301.0,321.0,,,,,,,,,,,,,,,,,,,,,,,,,,,,,,,,,,,,,,,,,,,,,,
32xn26mtxzvjtfw68kwcuoqy9pll0m-a2xyh9atps54w0,0,1,07-Feb-2019 20:18:54,178,3JWH6J9I9TPCOM0V8FEHGHMR69YBNY,241,401,258,380,275,367,288,355,306.0,344.0,322.0,333.0,340.0,325.0,359.0,320.0,380.0,320.0,399.0,318.0,421.0,320.0,444.0,325.0,468.0,337.0,496.0,344.0,525.0,361.0,536.0,369.0,553.0,374.0,564.0,384.0,,,,,,,,,,,,,,,,,,,,,,
32xn26mtxzvjtfw68kwcuoqy9pll0m-a20s8dkjrn3fk6,1,1,08-Feb-2019 01:22:00,182,3TPWUS5F8ADLLL1FEG1ZNK50H6ECW9,553,380,416,377,456,384,465,376,465.0,377.0,463.0,383.0,,,,,,,,,,,,,,,,,,,,,,,,,,,,,,,,,,,,,,,,,,,,,,
32xn26mtxzvjtfw68kwcuoqy9pll0m-a20s8dkjrn3fk6,0,1,08-Feb-2019 01:22:19,183,3TPWUS5F8ADLLL1FEG1ZNK50H6ECW9,577,392,550,373,529,356,504,343,475.0,335.0,446.0,326.0,414.0,322.0,386.0,314.0,365.0,320.0,337.0,329.0,304.0,347.0,279.0,361.0,261.0,377.0,243.0,386.0,224.0,396.0,,,,,,,,,,,,,,,,,,,,,,,,,,,,
32xn26mtxzvjtfw68kwcuoqy9pll0m-,0,0,08-Feb-2019 06:23:14,187,ASSIGNMENT_ID_NOT_AVAILABLE,205,410,239,379,270,357,309,340,339.0,325.0,373.0,321.0,417.0,322.0,447.0,322.0,484.0,330.0,511.0,341.0,532.0,354.0,548.0,365.0,564.0,383.0,583.0,401.0,,,,,,,,,,,,,,,,,,,,,,,,,,,,,,
32xn26mtxzvjtfw68kwcuoqy9pll0m-a1w06giyojmsak,0,1,08-Feb-2019 09:58:39,188,3SBEHTYCWOFGNTIFLRF9JKOB5K5YI5,229,402,253,380,283,363,309,346,329.0,333.0,352.0,328.0,376.0,321.0,418.0,318.0,444.0,324.0,481.0,341.0,509.0,357.0,533.0,370.0,563.0,381.0,575.0,388.0,589.0,399.0,,,,,,,,,,,,,,,,,,,,,,,,,,,,
32xn26mtxzvjtfw68kwcuoqy9pll0m-a1w06giyojmsak,1,1,08-Feb-2019 09:59:24,189,3SBEHTYCWOFGNTIFLRF9JKOB5K5YI5,221,399,309,377,310,377,391,351,391.0,351.0,481.0,376.0,481.0,376.0,,,,,,,,,,,,,,,,,,,,,,,,,,,,,,,,,,,,,,,,,,,,
32xn26mtxzvjtfw68kwcuoqy9pll0m-a1eskjfdqumbl4,0,-1,08-Feb-2019 11:59:08,194,3137ONMDKHH4LXVTV23CR5JF8VAGEI,570,392,541,374,525,357,503,346,492.0,337.0,459.0,326.0,441.0,320.0,415.0,316.0,395.0,311.0,381.0,311.0,361.0,316.0,351.0,320.0,336.0,326.0,321.0,336.0,313.0,341.0,295.0,347.0,287.0,355.0,270.0,365.0,253.0,380.0,238.0,389.0,234.0,396.0,221.0,406.0,,,,,,,,,,,,,,
32xn26mtxzvjtfw68kwcuoqy9pll0m-apglvusvo2r8m,0,-1,08-Feb-2019 12:52:35,196,3NGI5ARFTUHBE9UGMXYKEUEDKDU1PP,239,398,260,377,277,366,288,354,307.0,343.0,329.0,335.0,349.0,325.0,369.0,319.0,394.0,318.0,418.0,318.0,446.0,325.0,470.0,332.0,497.0,342.0,519.0,359.0,536.0,370.0,,,,,,,,,,,,,,,,,,,,,,,,,,,,
32xn26mtxzvjtfw68kwcuoqy9pll0m-awwkv0jo4tjsa,0,1,08-Feb-2019 14:11:48,200,34T446B1C1QSDV0UL98EGPWWG2A0C8,206,425,233,402,251,381,275,366,297.0,351.0,312.0,335.0,339.0,328.0,368.0,317.0,402.0,319.0,430.0,322.0,457.0,329.0,483.0,342.0,517.0,355.0,545.0,376.0,574.0,392.0,,,,,,,,,,,,,,,,,,,,,,,,,,,,
32xn26mtxzvjtfw68kwcuoqy9pll0m-a8mgw12lqd1c2,0,1,08-Feb-2019 15:17:03,204,3F1567XTNXHE3QYQQNS2T5M6NL6Q9G,234,403,262,376,294,355,318,340,346.0,330.0,371.0,326.0,399.0,322.0,422.0,325.0,447.0,328.0,472.0,336.0,498.0,346.0,532.0,364.0,544.0,374.0,556.0,383.0,571.0,393.0,,,,,,,,,,,,,,,,,,,,,,,,,,,,
32xn26mtxzvjtfw68kwcuoqy9pll0m-a18hc62t1srobj,0,-1,08-Feb-2019 15:25:45,208,3VW04L3ZLUIODJH0FHT83G4HRRKXX3,209,416,223,393,246,375,267,353,290.0,343.0,320.0,331.0,360.0,325.0,396.0,322.0,429.0,323.0,457.0,331.0,479.0,337.0,501.0,344.0,528.0,352.0,548.0,367.0,561.0,376.0,586.0,399.0,,,,,,,,,,,,,,,,,,,,,,,,,,
32xn26mtxzvjtfw68kwcuoqy9pll0m-a12w7zb2dlbby5,0,-1,08-Feb-2019 15:34:17,209,3KJYX6QCMANVEA7GYYDPOMZH0IXVJA,205,413,243,391,265,366,292,346,320.0,333.0,341.0,321.0,369.0,320.0,391.0,314.0,411.0,317.0,434.0,324.0,464.0,333.0,492.0,341.0,515.0,354.0,534.0,370.0,550.0,380.0,568.0,385.0,,,,,,,,,,,,,,,,,,,,,,,,,,
32xn26mtxzvjtfw68kwcuoqy9pll0m-a1xuxy84rlkdtw,0,-1,08-Feb-2019 18:08:31,210,3OLF68YTNADVHKIM4DV8D1TCM1OAFU,211,426,235,385,268,367,283,351,306.0,335.0,331.0,320.0,363.0,309.0,403.0,308.0,429.0,316.0,465.0,323.0,494.0,329.0,519.0,344.0,548.0,362.0,561.0,373.0,573.0,378.0,588.0,399.0,225.0,427.0,,,,,,,,,,,,,,,,,,,,,,,,
3xbyq44z6pg0ki5wa0rona9j47ytwb-a8mgw12lqd1c2,0,1,09-Feb-2019 02:10:12,211,39JEC7537VD86W1AO6W31IMMAYACVZ,224,401,252,378,282,357,305,341,323.0,333.0,343.0,328.0,365.0,321.0,399.0,319.0,433.0,326.0,461.0,333.0,495.0,344.0,517.0,357.0,534.0,367.0,549.0,376.0,573.0,393.0,,,,,,,,,,,,,,,,,,,,,,,,,,,,
3xbyq44z6pg0ki5wa0rona9j47ytwb-a3n5p5vo81fij6,0,1,09-Feb-2019 02:44:12,215,3QRYMNZ7FZTCK8UC8152GBSDCH8TNI,224,409,249,387,278,367,305,347,333.0,333.0,366.0,323.0,395.0,318.0,428.0,321.0,461.0,332.0,497.0,344.0,534.0,363.0,557.0,381.0,575.0,392.0,,,,,,,,,,,,,,,,,,,,,,,,,,,,,,,,
32xn26mtxzvjtfw68kwcuoqy9pll0m-airsw1avxipni,0,0,09-Feb-2019 02:52:22,219,333U7HK6IAR9KT7U7DDVI0TA0BFJDL,225,406,255,381,288,355,321,335,357.0,321.0,400.0,313.0,440.0,317.0,469.0,328.0,497.0,341.0,524.0,355.0,544.0,372.0,572.0,386.0,240.0,407.0,,,,,,,,,,,,,,,,,,,,,,,,,,,,,,,,
3xbyq44z6pg0ki5wa0rona9j47ytwb-a27j8eoazmu0rm,0,-1,09-Feb-2019 06:37:17,220,30X31N5D6424LPN8AXV7K0CRBRXSAA,221,403,264,376,290,363,316,351,347.0,331.0,377.0,326.0,410.0,324.0,433.0,324.0,467.0,333.0,500.0,346.0,525.0,362.0,559.0,382.0,578.0,391.0,,,,,,,,,,,,,,,,,,,,,,,,,,,,,,,,
32xn26mtxzvjtfw68kwcuoqy9pll0m-a3g0kkc8i92qj8,0,0,09-Feb-2019 06:53:44,222,3PEIJLRY6U59OJCA5CXM1XQAIP2XWY,232,406,257,378,280,357,311,341,346.0,325.0,385.0,314.0,423.0,317.0,459.0,329.0,493.0,341.0,535.0,366.0,,,,,,,,,,,,,,,,,,,,,,,,,,,,,,,,,,,,,,
3xbyq44z6pg0ki5wa0rona9j47ytwb-a2f0s6qnbshcnk,0,-1,09-Feb-2019 06:57:30,226,3YOH7BII0AJQPUDYGJD1P1ZUF7LKVM,200,412,234,369,288,339,343,321,396.0,314.0,448.0,303.0,474.0,324.0,502.0,332.0,533.0,351.0,594.0,389.0,,,,,,,,,,,,,,,,,,,,,,,,,,,,,,,,,,,,,,
3xbyq44z6pg0ki5wa0rona9j47ytwb-a3g0kkc8i92qj8,0,1,09-Feb-2019 06:59:35,227,32AT8R96GMLO0Y16G2CYK1OLIUPSUM,228,395,253,372,285,350,317,332,347.0,320.0,392.0,316.0,444.0,322.0,475.0,331.0,500.0,340.0,530.0,359.0,,,,,,,,,,,,,,,,,,,,,,,,,,,,,,,,,,,,,,
3xbyq44z6pg0ki5wa0rona9j47ytwb-a9n7qymg6kihd,0,-1,09-Feb-2019 07:09:39,231,39GHHAVOMG3WKXO1E2C2FWZ4NYOJ4A,215,401,264,372,283,349,333,329,375.0,320.0,405.0,317.0,442.0,326.0,484.0,339.0,520.0,358.0,563.0,392.0,,,,,,,,,,,,,,,,,,,,,,,,,,,,,,,,,,,,,,
3xbyq44z6pg0ki5wa0rona9j47ytwb-,0,0,09-Feb-2019 08:27:13,233,ASSIGNMENT_ID_NOT_AVAILABLE,214,399,250,373,253,372,296,346,328.0,336.0,372.0,329.0,421.0,328.0,470.0,333.0,508.0,350.0,534.0,369.0,553.0,387.0,,,,,,,,,,,,,,,,,,,,,,,,,,,,,,,,,,,,
3xbyq44z6pg0ki5wa0rona9j47ytwb-,0,0,09-Feb-2019 08:27:24,234,ASSIGNMENT_ID_NOT_AVAILABLE,303,357,402,335,448,341,475,350,385.0,378.0,,,,,,,,,,,,,,,,,,,,,,,,,,,,,,,,,,,,,,,,,,,,,,,,
32xn26mtxzvjtfw68kwcuoqy9pll0m-a1x0nrw2m5rb4e,0,0,09-Feb-2019 08:35:58,235,3YGXWBAF71T9CJIV4AVGSSM9XEG4CI,203,405,254,375,288,356,322,332,346.0,322.0,379.0,319.0,403.0,319.0,429.0,324.0,453.0,331.0,473.0,345.0,507.0,358.0,542.0,371.0,562.0,393.0,,,,,,,,,,,,,,,,,,,,,,,,,,,,,,,,
3xbyq44z6pg0ki5wa0rona9j47ytwb-a1x0nrw2m5rb4e,0,0,09-Feb-2019 09:01:51,237,38F5OAUN5OOXCEBUS07O6V3Z18BH7O,216,409,247,378,267,369,294,351,310.0,341.0,328.0,331.0,365.0,324.0,408.0,325.0,443.0,329.0,479.0,334.0,501.0,354.0,530.0,366.0,557.0,390.0,,,,,,,,,,,,,,,,,,,,,,,,,,,,,,,,
3xbyq44z6pg0ki5wa0rona9j47ytwb-,0,0,09-Feb-2019 09:07:34,240,ASSIGNMENT_ID_NOT_AVAILABLE,651,164,255,156,175,200,119,269,72.0,353.0,76.0,436.0,81.0,487.0,139.0,533.0,252.0,560.0,371.0,593.0,422.0,579.0,503.0,593.0,554.0,593.0,611.0,573.0,664.0,542.0,695.0,480.0,710.0,437.0,758.0,327.0,710.0,306.0,704.0,255.0,685.0,207.0,669.0,178.0,669.0,179.0,651.0,178.0,,,,,,,,,,
32xn26mtxzvjtfw68kwcuoqy9pll0m-a30h28f41ubjgk,0,0,09-Feb-2019 09:24:20,242,3ZPPDN2SLW8P6N8LHWX2ZOXS4I79EC,239,404,260,380,283,360,304,347,418.0,287.0,503.0,243.0,437.0,222.0,433.0,221.0,431.0,221.0,391.0,242.0,,,,,,,,,,,,,,,,,,,,,,,,,,,,,,,,,,,,,,
32xn26mtxzvjtfw68kwcuoqy9pll0m-a30h28f41ubjgk,0,0,09-Feb-2019 09:24:44,243,3ZPPDN2SLW8P6N8LHWX2ZOXS4I79EC,227,402,257,378,279,360,302,346,332.0,327.0,363.0,317.0,411.0,317.0,453.0,328.0,501.0,347.0,556.0,382.0,,,,,,,,,,,,,,,,,,,,,,,,,,,,,,,,,,,,,,
3xbyq44z6pg0ki5wa0rona9j47ytwb-a2dnsd743w4oc2,0,0,09-Feb-2019 10:20:27,244,3HL8HNGX46DHC18HC7H8H6ISGJMF90,238,391,283,343,364,317,415,314,475.0,327.0,516.0,354.0,556.0,383.0,,,,,,,,,,,,,,,,,,,,,,,,,,,,,,,,,,,,,,,,,,,,
32xn26mtxzvjtfw68kwcuoqy9pll0m-a2dnsd743w4oc2,1,0,09-Feb-2019 10:37:56,247,3R08VXYT7D7F946JNZTO7YDMGWO7WE,232,390,279,346,339,320,391,316,448.0,324.0,515.0,349.0,582.0,395.0,238.0,400.0,304.0,359.0,,,,,,,,,,,,,,,,,,,,,,,,,,,,,,,,,,,,,,,,
32xn26mtxzvjtfw68kwcuoqy9pll0m-a2dnsd743w4oc2,0,0,09-Feb-2019 10:38:15,248,3R08VXYT7D7F946JNZTO7YDMGWO7WE,239,403,280,356,333,326,391,317,441.0,320.0,495.0,337.0,532.0,363.0,562.0,383.0,575.0,394.0,,,,,,,,,,,,,,,,,,,,,,,,,,,,,,,,,,,,,,,,
3xbyq44z6pg0ki5wa0rona9j47ytwb-a1z74t9kkh4pv1,0,0,09-Feb-2019 12:23:35,249,3MB8LZR5BG5NTP142FBV2S1SO9KLK5,217,408,275,370,321,337,377,314,426.0,318.0,471.0,333.0,512.0,350.0,538.0,363.0,556.0,378.0,579.0,393.0,,,,,,,,,,,,,,,,,,,,,,,,,,,,,,,,,,,,,,
3xbyq44z6pg0ki5wa0rona9j47ytwb-a3tbohehkxyv6c,0,0,09-Feb-2019 14:04:08,251,3FQ5JJ512M0DHP4PESRAFK5HT4LNKA,202,408,269,365,308,337,347,322,396.0,319.0,453.0,330.0,489.0,344.0,523.0,358.0,539.0,373.0,559.0,387.0,,,,,,,,,,,,,,,,,,,,,,,,,,,,,,,,,,,,,,
32xn26mtxzvjtfw68kwcuoqy9pll0m-ad1dlllipvz99,1,0,09-Feb-2019 14:40:55,252,33M4IA01QHD4GNVO6INGEYITQAPXRX,212,412,251,386,291,357,340,332,403.0,316.0,458.0,327.0,495.0,340.0,520.0,357.0,546.0,380.0,569.0,394.0,223.0,414.0,307.0,379.0,,,,,,,,,,,,,,,,,,,,,,,,,,,,,,,,,,
32xn26mtxzvjtfw68kwcuoqy9pll0m-ad1dlllipvz99,0,0,09-Feb-2019 14:41:29,253,33M4IA01QHD4GNVO6INGEYITQAPXRX,214,415,247,389,281,365,313,343,349.0,328.0,385.0,320.0,415.0,320.0,447.0,325.0,484.0,338.0,546.0,382.0,,,,,,,,,,,,,,,,,,,,,,,,,,,,,,,,,,,,,,
32xn26mtxzvjtfw68kwcuoqy9pll0m-ad1dlllipvz99,1,0,09-Feb-2019 14:41:44,254,33M4IA01QHD4GNVO6INGEYITQAPXRX,307,376,400,351,481,365,477,367,671.0,334.0,695.0,280.0,543.0,265.0,458.0,230.0,346.0,232.0,340.0,170.0,387.0,150.0,492.0,181.0,,,,,,,,,,,,,,,,,,,,,,,,,,,,,,,,,,
3xbyq44z6pg0ki5wa0rona9j47ytwb-akthheaxn22mj,0,0,09-Feb-2019 14:59:20,255,39LOEL67OTHMIK9ENKASG1YKTN183X,242,400,272,370,295,354,320,341,346.0,335.0,372.0,321.0,413.0,321.0,449.0,325.0,507.0,350.0,564.0,391.0,,,,,,,,,,,,,,,,,,,,,,,,,,,,,,,,,,,,,,
3xbyq44z6pg0ki5wa0rona9j47ytwb-a2tzl6cyajhelw,0,0,09-Feb-2019 15:51:48,257,3H0W84IWBLEVAN47BDXOQ9XMA5GER9,571,396,546,380,531,370,512,357,492.0,343.0,467.0,331.0,430.0,325.0,402.0,321.0,350.0,332.0,311.0,343.0,276.0,363.0,249.0,380.0,225.0,393.0,,,,,,,,,,,,,,,,,,,,,,,,,,,,,,,,
3xbyq44z6pg0ki5wa0rona9j47ytwb-a29w3u9unoj8ms,0,0,09-Feb-2019 16:04:32,258,34YB12FSQZ02XLN6C0RV4DOOHYWGM4,215,404,277,356,321,334,353,325,405.0,320.0,455.0,332.0,455.0,332.0,487.0,342.0,527.0,356.0,558.0,385.0,,,,,,,,,,,,,,,,,,,,,,,,,,,,,,,,,,,,,,
3xbyq44z6pg0ki5wa0rona9j47ytwb-al2bmiilkarun,1,0,09-Feb-2019 16:53:20,264,3L4PIM1GQUSTGSLYBE9IXCP2SHMRY2,220,406,240,386,256,371,280,358,304.0,347.0,322.0,334.0,358.0,328.0,,,,,,,,,,,,,,,,,,,,,,,,,,,,,,,,,,,,,,,,,,,,
3xbyq44z6pg0ki5wa0rona9j47ytwb-al2bmiilkarun,0,0,09-Feb-2019 16:53:41,265,3L4PIM1GQUSTGSLYBE9IXCP2SHMRY2,209,404,229,382,249,371,275,357,294.0,350.0,314.0,340.0,339.0,330.0,365.0,321.0,394.0,315.0,428.0,315.0,457.0,323.0,489.0,330.0,509.0,343.0,525.0,355.0,544.0,369.0,562.0,382.0,578.0,394.0,,,,,,,,,,,,,,,,,,,,,,,,
3xbyq44z6pg0ki5wa0rona9j47ytwb-a2svsv72ryecb7,0,0,09-Feb-2019 17:24:17,269,3YMTUJH0DTSQY0K6QWQ6H2MDL1M4T9,229,404,257,368,287,353,324,329,354.0,319.0,382.0,312.0,425.0,318.0,471.0,329.0,515.0,351.0,555.0,385.0,,,,,,,,,,,,,,,,,,,,,,,,,,,,,,,,,,,,,,
3xbyq44z6pg0ki5wa0rona9j47ytwb-a2cwba5kcb6bub,0,0,09-Feb-2019 17:34:57,270,32ZKVD547GZ5KI7LQWU273OL1UQB35,204,414,242,388,284,361,322,332,393.0,314.0,445.0,321.0,478.0,339.0,514.0,351.0,544.0,361.0,561.0,374.0,583.0,395.0,,,,,,,,,,,,,,,,,,,,,,,,,,,,,,,,,,,,
3xbyq44z6pg0ki5wa0rona9j47ytwb-awwkv0jo4tjsa,0,0,09-Feb-2019 19:02:48,276,3X31TUMD7YYLNOFIU55DXD5TF4S1LS,206,413,236,396,264,369,300,344,338.0,331.0,362.0,321.0,398.0,317.0,430.0,319.0,456.0,329.0,483.0,338.0,506.0,345.0,534.0,365.0,548.0,373.0,561.0,383.0,595.0,403.0,,,,,,,,,,,,,,,,,,,,,,,,,,,,
3xbyq44z6pg0ki5wa0rona9j47ytwb-a367fqzt8xhhi2,0,0,10-Feb-2019 01:31:45,280,3Q5C1WP23ND7LZCX2IP6GO9WTE015C,208,407,237,396,260,378,290,356,314.0,345.0,341.0,330.0,378.0,326.0,411.0,323.0,450.0,326.0,499.0,345.0,541.0,370.0,577.0,396.0,,,,,,,,,,,,,,,,,,,,,,,,,,,,,,,,,,
3xbyq44z6pg0ki5wa0rona9j47ytwb-,0,0,10-Feb-2019 03:11:21,281,ASSIGNMENT_ID_NOT_AVAILABLE,235,400,270,366,303,346,339,324,382.0,311.0,426.0,311.0,462.0,321.0,479.0,332.0,504.0,346.0,525.0,361.0,552.0,370.0,564.0,391.0,,,,,,,,,,,,,,,,,,,,,,,,,,,,,,,,,,
3xbyq44z6pg0ki5wa0rona9j47ytwb-a2qyhx7dm32td1,0,0,10-Feb-2019 04:53:20,282,33C7UALJVMAQ8HVZ0GW9S8JNV4481O,235,396,284,358,327,336,352,330,393.0,321.0,423.0,324.0,482.0,336.0,545.0,375.0,563.0,385.0,,,,,,,,,,,,,,,,,,,,,,,,,,,,,,,,,,,,,,,,
3xbyq44z6pg0ki5wa0rona9j47ytwb-a2q6ueo9cod99a,0,0,10-Feb-2019 05:14:25,284,3ITXP059PXVFMIQC438KDZFA1FBSJC,239,400,270,374,294,355,310,343,352.0,327.0,387.0,319.0,429.0,325.0,465.0,333.0,506.0,351.0,531.0,365.0,556.0,378.0,579.0,394.0,,,,,,,,,,,,,,,,,,,,,,,,,,,,,,,,,,
3xbyq44z6pg0ki5wa0rona9j47ytwb-a20wy925z7yph1,0,0,10-Feb-2019 07:47:21,285,3JMSRU9HQJ6N3ULOKX2YR6MPVBAEVJ,221,423,236,384,267,360,293,338,323.0,327.0,362.0,319.0,412.0,319.0,453.0,329.0,494.0,345.0,509.0,353.0,555.0,386.0,,,,,,,,,,,,,,,,,,,,,,,,,,,,,,,,,,,,
